3
9
12
34
42
46
55
57
62
72
77
81
101
112
137
160
161
174
202
203
209
210
226
231
237
249
250
260
271
286
293
297
302
376
513
549
553
557
559
577
600
668
680
701
702
703
714
766
786
800
803
812
819
835
852
855
889
906
912
917
924
931
932
936
945
963
969
979
983
984
997
998
999
1025
1031
1040
1097
1100
1103
1136
1140
1213
1221
1226
1239
1241
1248
1251
1257
1267
1273
1280
1294
1299
1321
1339
1351
1403
1410
1421
1436
1523
1547
1680
1742
1759
1764
1798
1820
1828
1836
1880
1886
1916
1921
1955
1968
1982
2000
2018
2027
2044
2107
2108
2116
2119
2140
2152
2153
2200
2280
2381
2386
2484
2486
2495
2497
2500
2514
2516
2518
2519
2527
2544
2552
2572
2594
2597
2602
2603
2611
2614
2634
2635
2639
2647
2653
2685
2686
2687
2688
2707
2711
2721
2728
2731
2734
2767
2818
2828
2830
2852
2854
2856
2857
2860
2874
2906
2907
2914
3067
3128
3130
3132
3170
3204
3209
3212
3213
3214
3215
3216
3223
3225
3226
3238
3245
3249
3252
3255
3257
3258
3262
3267
3269
3292
3300
3301
3302
3303
3308
3320
3326
3327
3329
3330
3331
3333
3342
3352
3356
3360
3361
3399
3408
3412
3450
3462
3464
3465
3479
3480
3491
3512
3549
3561
3573
3580
3599
3601
3605
3653
3663
3676
3701
3737
3741
3742
3758
3778
3786
3801
3816
3853
3855
3856
3908
3910
3920
3999
4004
4007
4040
4043
4058
4128
4134
4136
4150
4181
4199
4213
4226
4229
4230
4258
4270
4296
4297
4323
4382
4385
4451
4455
4459
4474
4515
4531
4538
4540
4544
4546
4557
4574
4581
4594
4601
4608
4628
4637
4641
4646
4648
4651
4657
4673
4685
4711
4713
4725
4755
4760
4761
4764
4766
4767
4773
4775
4777
4780
4785
4788
4800
4809
4817
4826
4837
4844
4857
4862
4913
4922
4927
4972
5009
5022
5050
5056
5078
5089
5091
5377
5378
5385
5390
5391
5392
5394
5398
5400
5403
5404
5405
5409
5410
5413
5416
5429
5430
5432
5459
5466
5482
5483
5500
5503
5505
5511
5518
5538
5539
5564
5578
5580
5583
5603
5605
5606
5607
5610
5617
5631
5639
5645
5650
5662
5670
5690
5693
5713
5715
5719
5723
5742
5760
5769
6057
6059
6079
6082
6083
6122
6128
6147
6167
6169
6181
6189
6203
6204
6206
6208
6223
6224
6233
6267
6295
6300
6303
6315
6325
6327
6336
6364
6372
6373
6391
6400
6404
6405
6421
6423
6424
6453
6456
6461
6503
6505
6507
6509
6536
6568
6597
6614
6619
6620
6621
6623
6648
6653
6660
6661
6663
6667
6677
6681
6694
6696
6697
6698
6700
6713
6717
6718
6730
6738
6747
6752
6758
6762
6768
6772
6774
6775
6776
6799
6805
6810
6830
6848
6849
6853
6855
6866
6876
6893
6894
6908
6922
6939
6983
6994
7004
7015
7016
7018
7029
7046
7049
7055
7057
7063
7106
7131
7155
7162
7181
7195
7219
7226
7250
7270
7296
7297
7303
7311
7341
7342
7385
7387
7393
7438
7453
7459
7465
7473
7474
7479
7480
7483
7497
7500
7506
7516
7522
7524
7529
7532
7545
7552
7568
7575
7594
7617
7632
7642
7660
7668
7670
7671
7679
7713
7720
7725
7738
7752
7772
7782
7784
7794
7795
7806
7819
7828
7843
7849
7862
7876
7922
7941
7979
7992
8001
8002
8015
8018
8025
8055
8057
8075
8092
8100
8103
8151
8167
8190
8194
8218
8220
8224
8240
8241
8245
8251
8262
8265
8271
8280
8282
8283
8285
8298
8301
8302
8304
8308
8309
8315
8319
8323
8339
8346
8359
8360
8365
8368
8369
8374
8375
8387
8399
8400
8412
8422
8426
8437
8445
8447
8448
8452
8453
8455
8462
8468
8469
8473
8487
8501
8518
8523
8529
8530
8540
8544
8551
8553
8554
8560
8569
8582
8587
8607
8612
8632
8636
8637
8641
8646
8647
8648
8657
8660
8674
8676
8680
8681
8683
8697
8708
8717
8723
8728
8732
8739
8751
8757
8758
8763
8764
8767
8772
8778
8781
8788
8793
8796
8798
8804
8816
8820
8821
8823
8838
8839
8849
8851
8855
8856
8859
8860
8866
8878
8879
8881
8888
8893
8895
8896
8899
8902
8918
8926
8928
8932
8943
8953
8966
8968
8978
8990
9002
9008
9009
9022
9031
9036
9038
9039
9044
9049
9050
9063
9070
9083
9085
9092
9100
9104
9110
9116
9119
9120
9121
9123
9125
9136
9137
9140
9145
9146
9150
9153
9155
9158
9165
9166
9186
9198
9199
9208
9211
9221
9231
9241
9244
9246
9263
9264
9266
9269
9293
9294
9299
9304
9312
9318
9365
9370
9371
9374
9381
9457
9498
9505
9534
9536
9541
9583
9584
9605
9622
9658
9678
9680
9729
9744
9790
9824
9829
9848
9873
9875
9885
9886
9902
9908
9924
9925
9929
9930
9957
10003
10010
10030
10075
10089
10094
10098
10099
10103
10111
10122
10131
10135
10158
10204
10217
10226
10242
10279
10282
10299
10302
10310
10317
10361
10396
10423
10429
10430
10439
10457
10474
10490
10578
10587
10594
10674
10695
10700
10733
10745
10750
10753
10764
10778
10794
10796
10804
10834
10835
10886
10906
10912
10913
10929
10947
10954
10961
10985
10991
10996
11013
11014
11019
11029
11039
11042
11045
11059
11062
11071
11077
11090
11096
11114
11127
11158
11164
11172
11178
11179
11183
11191
11195
11232
11233
11240
11251
11260
11269
11272
11279
11280
11284
11287
11290
11320
11338
11342
11353
11367
11377
11403
11404
11427
11432
11475
11492
11522
11525
11537
11550
11584
11596
11597
11647
11650
11664
11666
11686
11696
11722
11739
11744
11749
11758
11766
11767
11776
11783
11796
11805
11814
11840
11844
11845
11847
11855
11904
11921
11924
11939
11961
11966
11979
11990
11992
11996
12008
12025
12033
12041
12042
12059
12067
12079
12083
12085
12087
12129
12130
12133
12136
12178
12179
12180
12182
12183
12186
12187
12189
12200
12212
12213
12243
12252
12265
12266
12271
12276
12282
12290
12297
12301
12305
12306
12310
12312
12315
12322
12329
12333
12334
12337
12338
12347
12348
12350
12355
12360
12374
12387
12389
12390
12392
12399
12400
12430
12440
12445
12453
12455
12459
12470
12479
12480
12488
12491
12494
12496
12502
12508
12512
12540
12541
12552
12555
12576
12577
12578
12586
12593
12605
12611
12615
12625
12637
12654
12670
12676
12678
12684
12693
12695
12703
12709
12713
12722
12727
12731
12732
12735
12739
12741
12748
12759
12762
12778
12779
12808
12835
12843
12849
12850
12857
12859
12874
12876
12883
12886
12888
12897
12902
12905
12912
12923
12926
12931
12941
12946
12956
12958
12963
12969
12975
12993
13000
13002
13004
13006
13009
13030
13037
13039
13041
13045
13046
13054
13058
13097
13101
13110
13113
13119
13122
13126
13132
13135
13150
13156
13157
13172
13178
13188
13194
13208
13213
13237
13247
13249
13250
13280
13285
13287
13289
13293
13319
13324
13329
13331
13333
13335
13357
13360
13367
13370
13380
13409
13414
13415
13427
13428
13445
13462
13487
13489
13490
13498
13499
13536
13549
13576
13621
13649
13652
13657
13686
13692
13693
13718
13727
13728
13737
13738
13739
13745
13746
13760
13765
13767
13768
13781
13786
13789
13790
13791
13807
13819
13825
13830
13837
13845
13855
13868
13871
13876
13896
13926
13938
13977
13984
13999
14007
14016
14026
14041
14044
14048
14051
14061
14080
14103
14110
14114
14115
14116
14127
14135
14155
14178
14188
14201
14203
14204
14224
14230
14238
14244
14251
14259
14265
14277
14282
14288
14315
14325
14327
14329
14340
14350
14361
14363
14371
14380
14408
14413
14430
14453
14463
14500
14522
14525
14537
14551
14570
14586
14593
14602
14609
14615
14630
14642
14650
14660
14669
14701
14713
14717
14721
14726
14742
14745
14746
14754
14773
14818
14824
14828
14840
14858
14860
14868
14901
14904
14907
14928
14969
14971
14978
14979
14987
14988
15022
15024
15042
15054
15085
15108
15128
15133
15142
15146
15157
15164
15169
15177
15190
15191
15209
15211
15221
15238
15250
15256
15267
15290
15301
15305
15326
15366
15372
15388
15389
15399
15401
15412
15422
15433
15435
15436
15447
15456
15461
15497
15510
15517
15544
15547
15557
15562
15566
15570
15576
15594
15598
15600
15605
15606
15612
15614
15623
15654
15659
15685
15691
15692
15694
15695
15699
15703
15704
15735
15743
15763
15796
15802
15806
15808
15817
15826
15830
15836
15844
15886
15894
15895
15924
15925
15932
15933
15935
15943
15945
15954
15958
15960
15962
15964
15965
15966
15967
15989
15994
16004
16019
16024
16066
16082
16086
16097
16110
16128
16143
16164
16168
16171
16178
16186
16189
16205
16218
16247
16260
16265
16276
16284
16302
16303
16316
16323
16342
16347
16350
16353
16391
16399
16406
16417
16504
16509
16524
16550
16552
16557
16559
16574
16591
16604
16611
16617
16633
16637
16652
16685
16696
16700
16713
16717
16724
16735
16760
16800
16803
16814
16832
16839
16851
16863
16876
16880
16904
16906
16912
16921
16942
16970
17012
17014
17018
17025
17035
17054
17072
17077
17088
17139
17143
17149
17184
17185
17210
17216
17222
17223
17293
17303
17306
17328
17350
17356
17378
17385
17400
17408
17433
17450
17451
17476
17494
17511
17534
17547
17554
17557
17579
17639
17645
17660
17666
17675
17676
17685
17717
17726
17727
17806
17828
17886
17893
17924
17929
17940
17948
17958
17976
17978
17984
17990
17993
18001
18013
18059
18068
18070
18077
18106
18116
18117
18119
18126
18129
18187
18200
18260
18283
18351
18403
18424
18434
18438
18450
18451
18474
18516
18530
18540
18568
18570
18593
18596
18615
18616
18632
18647
18672
18683
18692
18712
18734
18747
18779
18809
18859
18875
18881
18888
18943
18973
18982
18988
18997
19008
19009
19016
19024
19037
19045
19092
19108
19111
19112
19114
19116
19122
19133
19149
19151
19165
19170
19171
19189
19214
19216
19218
19229
19233
19237
19239
19255
19257
19271
19273
19305
19318
19332
19366
19429
19449
19453
19465
19515
19523
19528
19531
19551
19587
19605
19611
19637
19651
19653
19662
19670
19679
19684
19689
19694
19711
19717
19740
19747
19752
19754
19755
19782
19783
19787
19796
19806
19812
19830
19834
19835
19844
19855
19863
19864
19893
19905
19969
19978
19982
20001
20011
20018
20021
20029
20055
20080
20081
20115
20119
20141
20144
20161
20191
20205
20207
20214
20249
20253
20257
20278
20318
20326
20340
20355
20388
20394
20398
20412
20413
20448
20459
20469
20473
20474
20485
20495
20504
20514
20521
20546
20552
20559
20562
20565
20596
20612
20618
20633
20634
20640
20647
20655
20657
20676
20677
20681
20686
20712
20722
20723
20746
20756
20764
20766
20771
20773
20776
20783
20791
20792
20799
20804
20810
20811
20836
20845
20847
20849
20853
20857
20860
20886
20893
20900
20904
20911
20912
20915
20917
20924
20928
20932
20940
20969
21013
21032
21034
21040
21056
21069
21099
21100
21161
21215
21217
21245
21260
21263
21267
21277
21309
21320
21333
21334
21336
21339
21351
21360
21367
21385
21396
21409
21412
21413
21430
21433
21449
21453
21454
21472
21473
21476
21488
21497
21504
21525
21527
21534
21554
21559
21570
21571
21574
21575
21577
21581
21632
21693
21700
21709
21719
21723
21735
21737
21738
21739
21743
21758
21766
21777
21782
21803
21804
21808
21826
21837
21859
21879
21886
21922
21928
21947
21949
21976
22002
22012
22035
22047
22056
22062
22077
22115
22148
22191
22204
22241
22249
22250
22268
22284
22299
22300
22302
22324
22335
22351
22355
22356
22362
22364
22379
22381
22386
22394
22399
22402
22411
22413
22418
22422
22427
22442
22471
22489
22512
22541
22548
22549
22561
22572
22573
22608
22611
22616
22637
22639
22645
22646
22652
22667
22674
22689
22697
22702
22724
22742
22747
22772
22773
22775
22792
22794
22798
22799
22822
22850
22856
22898
22908
22909
22911
22919
22925
22926
22927
22964
22987
22995
23005
23028
23031
23033
23058
23069
23074
23089
23096
23097
23105
23106
23114
23118
23136
23138
23158
23161
23175
23197
23248
23252
23260
23274
23304
23308
23314
23316
23342
23344
23352
23367
23376
23379
23404
23419
23428
23470
23473
23481
23486
23487
23520
23535
23550
23576
23614
23624
23629
23641
23673
23749
23752
23764
23774
23820
23856
23865
23875
23881
23889
23913
23918
23930
23947
23953
23961
24023
24028
24088
24173
24198
24203
24204
24225
24247
24295
24324
24331
24413
24429
24441
24482
24492
24514
24516
24527
24534
24538
24586
24592
24594
24611
24637
24638
24641
24652
24663
24679
24680
24691
24700
24723
24724
24730
24750
24753
24768
24776
24785
24806
24817
24835
24863
24864
24875
24880
24889
24904
24916
24929
24936
24940
24951
24953
24956
24958
24961
24971
24993
25003
25068
25081
25091
25098
25111
25133
25139
25144
25145
25148
25151
25152
25160
25180
25189
25192
25220
25248
25250
25273
25279
25358
25369
25374
25375
25376
25394
25400
25415
25424
25441
25447
25455
25460
25466
25467
25472
25478
25506
25509
25511
25512
25516
25521
25538
25540
25549
25560
25575
25577
25581
25593
25611
25615
25627
25645
25649
25651
25653
25668
25697
25720
25737
25751
25773
25818
25819
25820
25829
25837
25843
25853
25875
25892
25896
25899
25914
25921
25924
25932
25933
25934
25936
25943
25946
25956
26034
26038
26042
26057
26068
26073
26076
26077
26088
26106
26134
26156
26167
26223
26231
26237
26253
26271
26288
26292
26337
26342
26344
26347
26367
26375
26413
26415
26446
26454
26459
26461
26464
26479
26496
26512
26523
26531
26554
26577
26613
26615
26650
26652
26667
26677
26683
26700
26709
26721
26725
26744
26747
26759
26762
26785
26794
26801
26827
26831
26835
26838
26854
26878
26881
26968
27006
27008
27026
27195
27202
27204
27232
27257
27258
27263
27281
27298
27299
27321
27325
27335
27364
27371
27381
27400
27405
27425
27446
27453
27455
27483
27501
27519
27536
27543
27552
27578
27589
27630
27631
27647
27688
27693
27715
27720
27747
27750
27759
27775
27781
27796
27814
27823
27843
27887
27901
27908
27924
27947
27951
27953
27978
27984
27988
28001
28008
28024
28110
28118
28126
28130
28131
28133
28135
28140
28142
28143
28144
28145
28146
28153
28154
28158
28165
28166
28169
28171
28173
28176
28178
28184
28186
28187
28189
28191
28195
28196
28198
28201
28202
28204
28210
28213
28219
28220
28225
28227
28229
28232
28234
28239
28252
28254
28258
28260
28271
28275
28276
28279
28283
28285
28292
28293
28300
28305
28306
28308
28309
28326
28327
28329
28334
28343
28359
28360
28368
28370
28394
28398
28439
28458
28469
28502
28509
28546
28554
28571
28573
28580
28582
28585
28589
28590
28598
28604
28605
28606
28610
28618
28624
28634
28637
28642
28644
28649
28654
28656
28658
28663
28665
28668
28669
28676
28683
28690
28693
28716
28725
28748
28757
28760
28762
28768
28773
28788
28792
28801
28824
28855
28876
28889
28907
28910
28917
28919
28929
28931
28952
28968
28979
28999
29003
29006
29009
29014
29017
29028
29030
29049
29056
29066
29075
29076
29081
29084
29086
29097
29107
29117
29119
29140
29141
29152
29169
29182
29208
29222
29226
29231
29244
29246
29259
29278
29283
29286
29314
29330
29357
29399
29404
29405
29413
29419
29430
29438
29446
29447
29449
29452
29457
29465
29467
29504
29505
29518
29535
29544
29545
29550
29551
29571
29606
29608
29611
29624
29632
29655
29668
29670
29680
29686
29687
29691
29695
29702
29727
29748
29802
29831
29838
29844
29848
29863
29884
29909
29918
29930
29933
29944
29949
29974
29988
29990
30004
30016
30029
30036
30038
30041
30048
30058
30081
30094
30103
30110
30118
30121
30132
30170
30174
30176
30177
30221
30247
30262
30263
30264
30280
30282
30286
30346
30367
30371
30416
30432
30444
30447
30452
30456
30462
30475
30500
30517
30524
30527
30536
30539
30549
30598
30600
30607
30619
30635
30640
30666
30676
30688
30740
30742
30764
30766
30781
30818
30827
30844
30848
30855
30860
30892
30923
30925
30931
30960
30962
30971
30972
30985
30990
30999
31019
31027
31029
31034
31042
31059
31083
31084
31103
31115
31117
31122
31133
31167
31214
31216
31221
31229
31242
31252
31257
31263
31287
31293
31298
31313
31317
31319
31328
31349
31367
31370
31399
31423
31424
31449
31472
31477
31490
31499
31500
31510
31515
31529
31543
31554
31564
31572
31617
31621
31631
31638
31641
31655
31662
31673
31708
31725
31727
31736
31742
31769
31800
31823
31834
31863
31877
31882
31893
31898
31923
31942
31950
32035
32097
32098
32109
32133
32145
32152
32181
32212
32217
32244
32254
32261
32270
32277
32298
32308
32329
32338
32354
32398
32415
32425
32431
32432
32437
32440
32444
32475
32478
32489
32505
32551
32554
32558
32563
32590
32613
32614
32621
32625
32653
32674
32678
32693
32696
32703
32709
32720
32748
32751
32787
32805
32808
32867
32869
32876
32890
32899
32934
33037
33039
33044
33059
33071
33081
33130
33139
33152
33154
33182
33185
33197
33218
33274
33287
33302
33353
33359
33362
33363
33412
33422
33425
33445
33452
33480
33481
33489
33490
33491
33501
33544
33549
33554
33561
33566
33570
33576
33597
33604
33606
33651
33652
33657
33659
33660
33662
33667
33668
33680
33691
33692
33695
33717
33724
33745
33763
33765
33771
33811
33835
33838
33843
33845
33848
33891
33915
33920
33921
33922
33923
33930
33932
33940
33941
33951
33965
33983
33986
34002
34019
34056
34066
34080
34086
34087
34119
34120
34146
34154
34164
34170
34171
34177
34191
34224
34225
34244
34245
34254
34270
34288
34296
34300
34304
34309
34343
34347
34368
34372
34422
34428
34442
34465
34471
34525
34547
34549
34555
34572
34577
34594
34599
34606
34624
34655
34659
34660
34702
34727
34743
34746
34756
34758
34762
34772
34779
34788
34790
34797
34803
34820
34854
34863
34867
34872
34878
34895
34916
34927
34953
34966
34968
34971
34977
34984
35007
35012
35032
35053
35063
35071
35104
35112
35133
35179
35180
35193
35205
35213
35223
35224
35228
35236
35258
35266
35271
35280
35297
35311
35313
35315
35320
35332
35339
35346
35360
35366
35369
35370
35378
35394
35399
35415
35421
35426
35432
35434
35437
35467
35487
35491
35506
35548
35574
35575
35598
35612
35614
35617
35625
35640
35661
35665
35676
35695
35699
35706
35710
35745
35753
35787
35793
35798
35805
35826
35833
35834
35847
35880
35891
35908
35916
35930
35937
35985
35986
36001
36007
36012
36040
36048
36054
36062
36086
36103
36112
36124
36149
36161
36165
36178
36182
36218
36221
36222
36224
36225
36236
36249
36295
36315
36327
36351
36352
36360
36385
36394
36396
36413
36416
36436
36443
36445
36459
36473
36483
36493
36591
36601
36610
36640
36666
36667
36687
36692
36703
36715
36728
36730
36734
36817
36857
36864
36868
36874
36884
36902
36912
36916
36920
36924
36925
36944
36947
36951
36968
36985
36992
36994
37002
37007
37009
37020
37028
37035
37049
37054
37055
37057
37090
37094
37100
37105
37119
37148
37150
37153
37157
37168
37172
37179
37183
37187
37199
37204
37225
37235
37236
37239
37254
37266
37271
37273
37276
37280
37282
37288
37308
37314
37315
37316
37317
37333
37342
37349
37356
37358
37363
37368
37371
37381
37395
37399
37403
37406
37412
37441
37442
37447
37451
37457
37461
37468
37479
37482
37484
37491
37492
37497
37515
37517
37519
37523
37525
37529
37542
37546
37549
37558
37564
37577
37582
37599
37613
37618
37622
37627
37634
37640
37645
37649
37650
37652
37653
37658
37662
37670
37673
37675
37678
37680
37693
37697
37720
37721
37724
37731
37738
37988
38001
38008
38016
38022
38040
38047
38082
38084
38090
38154
38158
38166
38176
38182
38193
38195
38230
38235
38278
38340
38466
38478
38496
38516
38553
38561
38566
38622
38623
38631
38634
38639
38740
38757
38768
38819
38880
38891
38930
38949
38983
39020
39029
39063
39087
39090
39093
39097
39104
39120
39122
39138
39142
39156
39175
39180
39199
39202
39208
39216
39233
39251
39257
39264
39271
39305
39319
39326
39351
39356
39378
39384
39386
39392
39396
39444
39449
39498
39505
39521
39522
39526
39533
39537
39545
39560
39572
39591
39602
39603
39605
39614
39642
39647
39684
39686
39699
39702
39704
39716
39729
39737
39756
39764
39766
39781
39783
39791
39798
39801
39805
39808
39823
39832
39835
39855
39875
39878
39886
39892
39912
39923
39927
39931
39937
39964
39975
40002
40028
40029
40061
40065
40068
40076
40092
40107
40111
40120
40128
40138
40160
40165
40217
40220
40237
40244
40281
40300
40317
40328
40349
40350
40380
40382
40387
40393
40401
40413
40428
40443
40460
40463
40468
40470
40498
40511
40513
40528
40551
40592
40627
40630
40676
40702
40731
40749
40764
40788
40805
40850
40864
40887
40901
40913
40934
40948
40994
40997
41000
41009
41033
41041
41044
41047
41050
41073
41095
41103
41107
41114
41135
41160
41191
41201
41206
41230
41232
41275
41289
41291
41313
41319
41327
41330
41349
41354
41364
41378
41379
41400
41421
41427
41435
41477
41484
41491
41495
41496
41529
41549
41552
41564
41624
41652
41678
41690
41692
41695
41720
41722
41765
41802
41805
41811
41820
41847
41853
41887
41897
41913
41935
41959
41960
41966
41998
42000
42004
42005
42010
42020
42090
42093
42104
42156
42180
42184
42198
42201
42228
42235
42244
42266
42275
42295
42303
42310
42312
42313
42325
42331
42344
42346
42353
42366
42385
42446
42455
42459
42463
42473
42503
42510
42512
42517
42541
42549
42567
42579
42596
42605
42610
42611
42612
42649
42652
42656
42668
42673
42687
42689
42695
42699
42707
42708
42739
42755
42760
42764
42778
42830
42831
42841
42845
42909
42925
42927
42947
42965
42988
43009
43013
43037
43061
43068
43070
43073
43118
43128
43133
43139
43142
43160
43205
43207
43281
43284
43289
43338
43341
43350
43364
43366
43372
43376
43391
43406
43407
43413
43414
43440
43445
43476
43500
43515
43519
43541
43545
43566
43568
43578
43599
43623
43641
43646
43648
43668
43709
43727
43766
43833
43843
43852
43858
43872
43893
43915
43942
43957
43984
43989
43996
44000
44002
44017
44034
44041
44056
44061
44066
44092
44103
44123
44124
44134
44141
44143
44185
44194
44212
44217
44222
44295
44302
44306
44332
44334
44356
44377
44407
44411
44431
44444
44454
44477
44486
44507
44513
44522
44527
44530
44592
44595
44600
44608
44646
44668
44682
44684
44700
44735
44747
44788
44814
44854
44901
44927
44964
44965
44973
44974
44988
45009
45014
45015
45037
45102
45147
45177
45187
45204
45250
45267
45295
45296
45306
45349
45352
45410
45430
45437
45474
45489
45494
45498
45513
45543
45557
45558
45561
45629
45630
45650
45668
45701
45753
45754
45758
45780
45796
45896
45899
45903
45911
45960
46091
46093
46110
46131
46183
46195
46208
46231
46244
46253
46261
46273
46276
46309
46342
46353
46375
46414
46416
46435
46446
46449
46450
46454
46455
46475
46489
46506
46562
46573
46606
46632
46687
46705
46733
46738
46744
46786
46811
46827
46844
46846
46849
46870
46887
46957
46996
46997
47027
47065
47095
47096
47110
47123
47138
47147
47160
47169
47171
47176
47181
47195
47217
47223
47232
47242
47272
47273
47288
47292
47323
47372
47377
47379
47381
47408
47447
47480
47481
47526
47541
47544
47548
47553
47583
47589
47605
47608
47626
47631
47638
47648
47655
47657
47674
47680
47689
47692
47704
47720
47734
47764
47775
47777
47787
47790
47794
47806
47820
47836
47850
47864
47869
47870
47872
47887
47890
47902
47923
47927
47935
47942
47949
47957
47961
47973
47998
48036
48070
48077
48101
48152
48161
48166
48173
48185
48200
48220
48225
48237
48249
48266
48273
48284
48293
48294
48297
48303
48305
48314
48339
48345
48348
48362
48374
48408
48417
48422
48424
48426
48438
48452
48484
48500
48519
48544
48559
48610
48620
48634
48635
48638
48641
48642
48648
48683
48719
48728
48739
48768
48777
48817
48822
48832
48846
48851
48858
48871
48885
48896
48910
48918
48919
48927
48940
48945
48948
48954
49009
49025
49028
49038
49088
49102
49106
49115
49121
49124
49127
49158
49176
49183
49220
49223
49242
49282
49289
49296
49300
49353
49362
49367
49375
49415
49425
49432
49434
49453
49457
49461
49463
49468
49476
49489
49490
49505
49524
49531
49532
49535
49542
49544
49567
49584
49600
49605
49653
49666
49683
49685
49690
49703
49709
49718
49743
49763
49769
49770
49775
49788
49791
49800
49808
49823
49824
49832
49835
49849
49855
49870
49888
49902
49909
49910
49915
49941
49981
50010
50020
50023
50050
50061
50072
50073
50075
50078
50083
50097
50113
50121
50124
50131
50152
50169
50173
50183
50187
50234
50245
50254
50263
50266
50272
50287
50289
50293
50295
50300
50304
50309
50311
50313
50316
50324
50326
50340
50352
50360
50372
50411
50414
50446
50448
50463
50467
50468
50469
50472
50477
50489
50507
50509
50522
50533
50538
50554
50581
50601
50606
50607
50620
50624
50628
50629
50655
50673
50754
50763
50766
50767
50782
50812
50818
50822
50823
50837
50858
50877
50889
50903
50917
50923
51001
51013
51043
51048
51055
51069
51088
51095
51101
51154
51155
51167
51175
51178
51184
51185
51219
51224
51248
51262
51263
51269
51276
51310
51324
51326
51333
51343
51375
51395
51399
51402
51409
51465
51468
51483
51492
51500
51531
51553
51561
51569
51577
51579
51580
51582
51601
51616
51677
51681
51696
51708
51752
51765
51776
51790
51809
51823
51826
51847
51865
51873
51906
51918
51920
51933
51945
51956
51978
51985
52000
52025
52030
52041
52074
52075
52091
52143
52153
52183
52263
52318
52320
52341
52376
52389
52423
52440
52444
52455
52468
52508
52527
52531
52532
52541
52544
52545
52551
52554
52562
52565
52570
52571
52573
52579
52580
52584
52593
52596
52603
52607
52613
52617
52630
52631
52637
52639
52643
52660
52662
52668
52674
52680
52682
52686
52695
52696
52706
52714
52720
52721
52722
52729
52742
52747
52758
52759
52762
52765
52771
52772
52780
52789
52795
52800
52814
52817
52820
52821
52827
52838
52840
52842
52848
52858
52861
52862
52863
52866
52871
52872
52873
52876
52887
52888
52890
52892
52901
52908
52911
52913
52920
52925
52927
52928
52930
52932
52934
52937
52938
52941
52944
52947
52951
52956
52963
52965
52971
52973
52974
52977
52980
52981
52984
52991
52995
52997
52999
53005
53010
53013
53014
53019
53038
53043
53048
53050
53051
53052
53057
53061
53062
53065
53070
53075
53086
53087
53089
53094
53100
53101
53102
53107
53112
53115
53119
53121
53130
53134
53152
53153
53154
53155
53158
53160
53162
53169
53173
53175
53178
53180
53181
53184
53187
53201
53202
53209
53216
53222
53234
53236
53237
53238
53240
53243
53246
53264
53282
53292
53306
53334
53338
53340
53407
53427
53486
53507
53525
53587
53589
53594
53596
53597
53610
53616
53636
53667
53680
53708
53720
53732
53764
53766
53791
53813
53828
53848
53859
53865
53907
53913
53927
53933
53939
53991
53999
54002
54004
54039
54048
54054
54086
54098
54103
54111
54113
54148
54155
54182
54198
54225
54240
54290
54305
54309
54312
54351
54412
54415
54434
54483
54489
54502
54506
54527
54532
54547
54549
54574
54578
54579
54593
54600
54614
54623
54632
54641
54650
54652
54661
54665
54681
54801
54804
54811
54825
54890
54932
54941
54957
54994
55003
55039
55044
55052
55066
55081
55089
55091
55140
55176
55179
55195
55209
55216
55219
55244
55247
55256
55264
55270
55285
55286
55293
55329
55355
55381
55391
55392
55410
55482
55536
55569
55644
55649
55655
55685
55707
55720
55769
55803
55805
55819
55821
55850
55888
55900
55943
55944
55967
55996
56035
56038
56111
56172
56190
56286
56308
56322
56329
56354
56368
56381
56382
56388
56396
56403
56410
56418
56443
56456
56457
56472
56474
56478
56488
56540
56550
56595
56630
56654
56655
56665
56694
56701
56704
56709
56745
56767
56786
56834
56882
56910
56911
56958
56971
56987
56990
57032
57043
57073
57099
57111
57112
57136
57141
57154
57168
57169
57174
57264
57286
57304
57317
57332
57344
57353
57356
57365
57406
57455
57468
57483
57495
57507
57512
57530
57537
57578
57586
57624
57630
57634
57642
57653
57660
57695
57717
57723
57752
57758
57777
57793
57795
57801
57811
57829
57843
57866
57902
57907
57976
58010
58057
58065
58082
58138
58175
58188
58212
58243
58246
58273
58291
58299
58307
58313
58317
58321
58323
58325
58329
58334
58349
58411
58453
58463
58470
58507
58511
58552
58580
58627
58629
58655
58682
58715
58717
58779
58807
58821
58879
58907
58952
59105
59110
59126
59217
59318
59371
59378
59395
59414
59432
59437
59439
59455
59507
59545
59560
59589
59605
59611
59622
59624
59655
59659
59675
59692
59699
59711
59729
59748
59778
59796
59816
59827
59829
59862
59877
59886
59890
59895
59905
59908
59919
59933
59953
60011
60021
60022
60045
60051
60064
60068
60134
60144
60150
60154
60167
60169
60171
60191
60193
60202
60230
60255
60273
60277
60280
60294
60299
60341
60345
60350
60362
60377
60388
60404
60426
60427
60439
60447
60456
60475
60476
60486
60497
60501
60503
60504
60517
60522
60530
60561
60592
60602
60610
60636
60670
60672
60695
60725
60733
60764
60772
60782
60793
60798
60800
60804
60806
60822
60849
60880
60893
60917
60922
60924
60943
60979
60981
60989
61012
61029
61031
61049
61081
61090
61092
61094
61098
61124
61135
61154
61157
61174
61189
61211
61215
61218
61221
61231
61244
61257
61266
61292
61297
61307
61317
61323
61337
61349
61352
61423
61461
61468
61512
61520
61568
61573
61580
61582
61584
61591
61592
61599
61609
61610
61615
61616
61618
61620
61621
61637
61648
61650
61652
61659
61665
61672
61676
61678
61680
61696
61700
61704
61712
61716
61727
61729
61731
61732
61745
61748
61751
61759
61768
61770
61784
61792
61802
61805
61817
61822
61823
61832
61851
61858
61866
61871
61873
61876
61884
61888
61890
61893
61895
61906
61916
61917
61918
61922
61924
61928
61929
61934
61940
61941
61942
61955
61960
61979
62000
62005
62009
62014
62023
62031
62041
62044
62068
62081
62105
62129
62141
62160
62163
62166
62167
62179
62206
62214
62217
62224
62227
62239
62240
62255
62275
62296
62310
62313
62336
62352
62365
62366
62371
62416
62429
62468
62488
62494
62537
62563
62568
62597
62600
62611
62628
62641
62642
62646
62648
62663
62668
62695
62713
62715
62728
62749
62754
62802
62809
62831
62833
62856
62874
62886
62887
62902
62913
62917
62935
62943
62955
63018
63023
63027
63059
63060
63062
63065
63072
63113
63131
63134
63139
63186
63199
63210
63213
63219
63264
63270
63293
63296
63303
63306
63311
63351
63383
63397
63399
63452
63454
63457
63465
63473
63474
63528
63631
63859
63868
63888
63916
63927
63928
63949
63956
63981
64010
64049
64050
64073
64078
64096
64104
64118
64123
64126
64200
64208
64223
64227
64228
64241
64261
64275
64289
64297
64313
64404
64415
64444
64475
131091
131149
131219
131267
131273
131274
131314
131330
131429
131477
131634
131642
131711
131944
132046
132132
132139
132146
132164
132167
132168
132203
132337
132418
132499
132585
132602
132825
132829
132847
132876
132884
132901
133012
133041
133115
133159
133199
133352
133372
133398
133421
133448
133527
133613
133734
133815
133847
133861
133865
133959
134078
134190
134196
134365
134366
134521
134548
134578
134612
134672
134687
134707
134823
135069
135081
135126
135158
135273
135373
135377
135386
135391
135409
135423
135562
135607
135895
136001
136106
136119
136168
136255
136462
136557
136744
136749
136779
136838
136897
136907
136933
136964
137182
137263
137316
137366
137367
137409
137443
137491
137557
137753
137816
137831
137897
137922
137969
137983
137990
137995
138025
138128
138384
138415
138552
138571
138628
138699
138840
138915
138995
138997
139009
139057
139076
139225
139341
139428
139628
139648
139742
139750
139799
139831
139901
139977
140036
140096
140224
140227
140443
140570
140577
140627
140905
140984
141039
141167
141394
141721
141995
142014
142032
142111
142132
142160
142271
142319
142578
146834
147039
147049
147120
148968
149290
149440
149485
149513
149522
149670
149767
149785
149994
150000
150178
150242
150369
150436
150684
150723
150748
150921
150937
151326
151332
151358
151386
151610
152179
152194
153371
196610
196640
196714
196730
196749
196752
196773
196844
196879
196881
196922
196925
196938
196954
196968
196983
196987
197000
197033
197063
197064
197071
197075
197078
197091
197133
197155
197156
197206
197226
197235
197267
197293
197301
197400
197422
197440
197453
197473
197492
197522
197524
197537
197563
197572
197580
197589
197617
197637
197662
197667
197669
197696
197704
197712
197790
197869
197883
197898
197915
197936
197964
197965
197969
197981
197991
198018
198040
198046
198059
198083
198090
198101
198111
198128
198150
198213
198228
198230
198249
198279
198288
198290
198330
198333
198385
198426
198463
198471
198477
198507
198524
198545
198551
198554
198570
198605
198611
198622
198651
198721
198726
198736
198781
198792
198813
198818
198853
198890
198913
198916
198930
198934
198935
198949
198967
199020
199042
199081
199103
199118
199150
199162
199163
199181
199226
199231
199236
199244
199248
199250
199283
199284
199290
199319
199325
199335
199339
199394
199400
199408
199421
199422
199434
199452
199468
199481
199483
199508
199516
199524
199536
199562
199569
199570
199610
199635
199645
199660
199662
199669
199670
199713
199716
199717
199723
199752
199775
199790
199803
199805
199811
199837
199938
199939
199976
199995
200000
200005
200019
200020
200023
200030
200043
200050
200052
200062
200070
200081
200086
200108
200129
200142
200147
200161
200178
200182
200184
200185
200187
200254
200271
200275
200278
200350
200373
200409
200449
200462
200478
200480
200539
200553
200565
200596
200612
200675
200700
200735
200736
200760
200768
200780
200781
200794
200799
200845
200873
200899
200924
200994
200999
201019
201053
201054
201102
201118
201119
201126
201133
201178
201183
201196
201198
201201
201205
201213
201225
201277
201290
201324
201333
201401
201494
201499
201512
201518
201542
201563
201602
201637
201641
201675
201699
201701
201706
201714
201722
201746
201764
201782
201789
201814
201838
201843
201877
201925
201933
201939
201942
201962
201966
201984
201990
202004
202020
202022
202032
202042
202046
202053
202087
202098
202112
202129
202165
202203
202207
202220
202282
202297
202321
202347
202393
202448
202498
202499
202513
202566
202596
202617
202661
202662
202707
202766
202813
202844
202870
202896
202914
202932
202940
202954
202975
202984
203015
203068
203099
203101
203182
203201
203215
203223
203329
203346
203347
203372
203380
203391
203410
203416
203421
203440
203462
203485
203489
203536
203538
203547
203554
203568
203582
203591
203596
203649
203690
203724
203760
203835
203847
203851
203929
203936
203969
204025
204035
204041
204050
204092
204109
204121
204126
204128
204174
204180
204188
204207
204260
204264
204271
204279
204281
204309
204326
204338
204384
204403
204453
204482
204523
204528
204536
204540
204558
204598
204600
204631
204779
204805
204861
204881
204911
204995
205012
205051
205063
205103
205111
205112
205119
205138
205139
205147
205206
205219
205226
205264
205272
205275
205344
205358
205375
205384
205385
205388
205402
205460
205479
205483
205495
205520
205530
205543
205555
205614
205627
205638
205678
205689
205697
205698
205714
205741
205769
205771
205809
205848
205881
205892
205916
205919
205929
205943
205975
205996
206002
206067
206082
206119
206141
206170
206173
206182
206186
206201
206262
206264
206276
206295
206324
206347
206356
206383
206389
206460
206476
206478
206483
206516
206530
206539
206568
206616
206626
206663
206673
206732
206735
206737
206755
206767
206774
206775
206804
206813
206892
206934
206988
206999
207044
207054
207063
207080
207133
207137
207176
207203
207227
207310
207375
207436
207439
207456
207592
207594
207606
207668
207701
207790
207811
207841
207866
207934
207995
208014
208016
208103
208226
208293
208367
208389
208398
208414
208431
208444
208566
208586
208591
208597
208621
208636
208693
208772
208794
208802
208808
208837
208905
208920
208951
208960
208972
208992
209022
209045
209097
209110
209137
209138
209150
209181
209199
209224
209254
209307
209323
209326
209394
209400
209408
209453
209468
209505
209529
209549
209591
209624
209631
209650
209674
209707
209768
209823
209824
209846
209854
209920
209993
210000
210021
210026
210036
210079
210083
210104
210123
210152
210165
210175
210203
210218
210224
210226
210232
210278
210321
210333
210365
210412
210447
210494
210612
210619
210627
210645
210667
210728
210752
210801
210805
210847
210874
210890
210893
210937
211029
211083
211084
211186
211286
211301
211307
211316
211360
211371
211393
211452
211482
211510
211597
211633
211694
211733
211785
211826
211918
211925
211991
212024
212027
212033
212097
212109
212123
212175
212190
212221
212237
212250
212261
212263
212317
212321
212341
212477
212483
212522
212567
212602
212608
212655
212661
212700
212751
212755
212795
212804
212865
212989
213035
213039
213054
213089
213094
213138
213151
213202
213205
213230
213241
213291
213307
213317
213338
214215
214413
214554
214657
214729
214790
215116
215128
215213
215214
215300
215304
215366
215424
215510
215596
215664
215782
215792
215859
215915
215955
216067
216071
216211
216302
216366
216425
216444
262168
262182
262186
262197
262206
262210
262215
262253
262268
262285
262287
262288
262290
262293
262300
262302
262306
262311
262312
262316
262317
262342
262343
262346
262352
262354
262355
262360
262364
262365
262376
262385
262387
262401
262403
262404
262406
262411
262412
262417
262424
262427
262428
262433
262434
262435
262437
262444
262448
262454
262457
262459
262462
262463
262468
262469
262470
262474
262476
262478
262480
262490
262491
262493
262494
262496
262498
262499
262501
262503
262504
262505
262506
262507
262512
262516
262518
262519
262530
262532
262539
262540
262545
262546
262557
262558
262566
262567
262571
262572
262585
262588
262589
262591
262593
262595
262606
262609
262614
262620
262624
262632
262637
262643
262645
262659
262662
262664
262667
262669
262674
262675
262684
262688
262689
262690
262691
262706
262708
262710
262720
262725
262729
262731
262734
262740
262742
262753
262755
262757
262761
262762
262765
262770
262773
262777
262787
262792
262807
262808
262809
262811
262812
262820
262821
262822
262828
262832
262839
262841
262842
262847
262851
262854
262861
262865
262868
262880
262881
262889
262893
262901
262903
262906
262907
262908
262909
262940
262952
262957
262966
262967
262968
262970
262972
262977
262978
262979
262988
262995
262996
262999
263004
263009
263016
263032
263035
263040
263042
263047
263053
263055
263059
263065
263067
263073
263077
263080
263087
263096
263097
263099
263104
263110
263114
263120
263128
263139
263151
263152
263153
263154
263155
263159
263162
263165
263167
263194
263202
263237
263238
263252
263261
263265
263266
263269
263276
263277
263292
263297
263305
263311
263321
263327
263328
263329
263332
263336
263338
263346
263347
263353
263355
263357
263362
263372
263377
263380
263387
263411
263415
263421
263432
263433
263442
263444
263445
263461
263462
263466
263469
263470
263471
263475
263478
263482
263483
263486
263495
263500
263507
263508
263510
263511
263517
263518
263520
263526
263532
263535
263536
263541
263544
263548
263553
263566
263569
263574
263585
263586
263595
263596
263603
263608
263614
263616
263621
263623
263625
263626
263641
263645
263648
263656
263661
263663
263666
263675
263681
263702
263801
263807
263812
263846
263847
263855
263858
263877
263880
263891
263898
263903
263907
263917
263922
263928
263929
263934
263966
263968
263971
263973
263979
263980
263982
263991
263994
263998
264002
264009
264010
264013
264014
264017
264023
264071
264075
264096
264103
264111
264112
264119
264120
264124
264127
264129
264133
264135
264141
264144
264147
264152
264159
264162
264169
264170
264173
264186
264189
264195
264200
264207
264209
264215
264216
264217
264223
264227
264228
264238
264246
264248
264255
264270
264273
264285
264288
264293
264295
264311
264321
264323
264327
264329
264332
264339
264342
264360
264381
264393
264397
264409
264425
264426
264428
264440
264442
264446
264448
264450
264453
264455
264461
264463
264479
264491
264492
264496
264500
264503
264512
264517
264519
264525
264528
264543
264544
264552
264555
264556
264559
264562
264564
264567
264569
264574
264577
264579
264580
264590
264592
264596
264597
264598
264628
264763
264764
264788
264861
264872
264876
264897
264906
264911
264913
264915
264926
264927
264929
264936
264943
264948
264949
264956
264962
264963
264969
264983
264996
264997
264999
265006
265008
265016
265017
265019
265022
265032
265036
265037
265038
265041
265043
265055
265058
265061
265066
265067
265080
265091
265095
265103
265113
265117
265126
265131
265135
265136
265140
265143
265144
265147
265152
265158
265166
265169
265171
265175
265178
265187
265188
265189
265192
265198
265204
265207
265215
265229
265232
265242
265244
265249
265255
265257
265260
265262
265266
265268
265269
265272
265279
265282
265284
265290
265300
265302
265303
265311
265315
265317
265330
265336
265338
265345
265354
265365
265375
265377
265379
265386
265389
265390
265393
265398
265410
265417
265421
265434
265436
265472
265475
265478
265482
265484
265491
265540
265561
265614
265620
265629
265662
265680
265688
265840
265867
265886
265892
265918
265919
265923
265928
265933
265937
265938
265943
265948
265949
265950
265952
265966
265968
265975
265979
265983
265996
265998
266003
266006
266009
266013
266020
266022
266031
266059
266060
266080
266081
266087
266094
266096
266098
266101
266107
266121
266124
266129
266131
266135
266136
266140
266142
266145
266151
266154
266156
266157
266165
266166
266167
266169
266181
266185
266191
266192
266195
266198
266201
266205
266207
266211
266220
266222
266228
266232
266233
266236
266240
266246
266247
266248
266250
266253
266260
266280
266308
266322
266341
266353
266358
266360
266373
266380
266382
266385
266388
266389
266399
266400
266409
266414
266416
266420
266423
266425
266428
266430
266434
266435
266436
266438
266440
266444
266445
266448
266453
266454
266457
266460
266468
266470
266471
266476
266477
266492
266498
266519
266520
266525
266529
266534
266538
266539
266546
266560
266571
266583
266591
266592
266593
266598
266602
266608
266610
266616
266620
266625
266633
266636
266641
266649
266651
266715
266771
266809
266830
266860
266921
266923
266926
266931
266933
266948
266951
266952
266961
266962
266967
266986
266989
267009
267011
267013
267016
267024
267034
267035
267055
267056
267078
267083
267088
267101
267115
267117
267120
267121
267123
267124
267158
267163
267174
267186
267191
267192
267195
267197
267202
267209
267216
267229
267248
267256
267280
267289
267291
267294
267299
267301
267325
267326
267334
267355
267360
267363
267367
267373
267378
267386
267387
267393
267398
267408
267412
267428
267439
267446
267450
267452
267456
267458
267460
267462
267466
267467
267469
267470
267473
267479
267484
267496
267511
267513
267516
267521
267522
267536
267544
267562
267563
267567
267573
267575
267576
267587
267588
267594
267610
267613
267614
267618
267619
267620
267621
267623
267637
267638
267647
267665
267669
267699
267809
267974
267988
267993
268006
268035
268057
268083
268126
268134
268156
268162
268168
268200
268202
268205
268214
268221
268235
268296
268311
268323
268350
268355
268359
268400
268413
268424
268434
268460
268471
268502
268505
268538
268551
268560
268568
268574
268592
268624
268628
268637
268689
268696
268708
268710
268716
268725
268735
268749
268793
268818
268843
268845
268862
268866
268880
268913
268925
268941
268944
268976
268985
269023
269035
269046
269096
269115
269138
269171
269180
269182
269194
269237
269254
269299
269300
269311
269338
269339
269351
269391
269462
269484
269501
269523
269535
269589
269597
269627
269632
269639
269659
269673
269681
269705
269783
269826
269832
269998
270042
270126
270133
270138
270158
270175
270294
270320
270331
270340
270353
270393
270447
270497
270520
270525
270541
270543
270564
270581
270653
270735
270737
270760
270795
270796
270804
270814
270817
270840
270868
270877
270932
270943
270986
270990
270995
271011
271014
271018
271023
271027
271102
271148
271201
271205
271215
271253
271258
271360
271373
271414
271450
271479
271547
271559
271590
271600
271609
271626
271682
271694
271740
271761
271773
271803
271984
272022
272102
272104
272106
272156
272161
272284
272461
272467
272505
272539
272558
272659
272665
272713
272739
272753
272786
272836
272978
273026
273133
273454
273461
273497
273527
273590
273595
273599
273644
273654
273683
273732
273765
273779
273798
273934
274614
327708
327727
327733
327751
327782
327791
327804
327814
327889
327894
327896
327901
327909
327935
327943
327960
327979
328029
328037
328039
328068
328092
328106
328107
328112
328126
328137
328173
328199
328210
328214
328222
328237
328250
328323
328333
328366
328373
328375
328399
328467
328471
328507
328512
328517
328519
328523
328543
328567
328576
328578
328596
328598
328643
328672
328699
328728
328745
328748
328749
328767
328772
328777
328780
328803
328841
328848
328867
328884
328888
328902
328915
328946
328963
328964
328974
329006
329032
329035
329095
329109
329122
329159
329166
329176
329202
329240
329279
329290
329291
329471
393220
393225
393227
393238
393398
393423
393424
393434
393442
393457
393460
393463
393464
393474
393552
393555
393577
393618
393672
393713
393731
393737
393775
393795
393811
393853
393891
393905
393950
393968
394015
394018
394019
394065
394080
394102
394111
394140
394177
394232
394233
394256
394264
394284
394347
394354
394356
394366
394367
394384
394437
394449
394453
394469
394501
394542
394625
394678
394680
394684
394710
394728
394740
394744
394816
394828
394868
394869
394872
394877
394883
394896
394901
394968
395075
395117
395127
395148
395177
395194
395252
395301
395319
395331
395348
395354
395368
395379
395425
395434
395461
395466
395478
395505
395547
395563
395567
395592
395597
395627
395657
395662
395664
395674
395717
395719
395768
395823
395846
395854
395856
395880
395948
396040
396071
396097
396123
396125
396146
396148
396168
396238
396298
396299
396317
396356
396405
396420
396422
396431
396477
396841
396850
396871
396905
396914
396930
396939
396984
396986
396998
397027
397095
397137
397142
397325
397336
397373
397379
397394
397412
397415
397423
397494
397508
397540
397545
397554
397573
397732
397735
397809
397849
397945
397952
398013
398025
398037
398044
398116
398143
398146
398156
398203
398249
398290
398337
398427
398446
398448
398453
398465
398479
398482
398491
398578
398638
398663
398704
398712
398717
398719
398721
398811
398823
398826
398846
398866
398875
398991
399006
399077
399078
399090
399100
399104
399116
399135
399199
399226
399257
399337
399370
399450
399467
399486
399494
399521
399541
399558
399589
399616
399647
399668
399684
399760
399856
399879
399898
400030
400043
400113
400136
400146
400188
400194
400282
400304
400311
400317
400391
400409
400464
400475
400510
400511
400516
400587
400622
400662
400684
400687
400810
400930
400980
401021
401199
401322
401418
# 7206
